d_model: 64
num_heads: 8
num_layers: 3
d_ff: 256
dropout: 0.30556585011902787
lr: 0.00022251446048745507
batch_size: 64
