best_trials:
- trial_number: 0
  values:
  - 1.2915
  - 0.0057
  params:
    d_model: 64
    num_heads: 8
    num_layers: 3
    d_ff: 256
    dropout: 0.30556585011902787
    lr: 0.00022251446048745507
    batch_size: 64
- trial_number: 1
  values:
  - 1.6446
  - 0.0051
  params:
    d_model: 256
    num_heads: 2
    num_layers: 6
    d_ff: 128
    dropout: 0.15094912586937068
    lr: 0.0031041147884928607
    batch_size: 256
